,nonVotants,pours,contres,abstentions,total_count
LFI,0,0,0,4,4
LT,0,5,3,0,8
NI,0,1,0,1,2
UDI,0,1,2,5,8
LR,1,0,0,21,22
MODEM,0,7,0,0,7
GDR,0,0,1,7,8
AE,0,4,0,5,9
SOC,0,5,0,0,5
LREM,1,48,0,0,49
