,nonVotants,pours,contres,abstentions,total_count
LFI,0,0,15,0,15
LT,0,3,13,1,17
NI,0,12,9,2,23
UDI,0,5,0,11,16
LR,0,0,90,1,91
MODEM,0,49,2,1,52
GDR,0,0,14,0,14
AE,0,19,0,0,19
SOC,0,0,24,0,24
LREM,1,248,0,0,249
