,nonVotants,pours,contres,abstentions,total_count
LFI,0,0,2,1,3
LT,0,3,0,0,3
NI,0,2,0,0,2
UDI,0,2,0,0,2
LR,1,14,7,2,24
MODEM,0,14,0,0,14
GDR,0,0,0,2,2
AE,0,1,1,0,2
SOC,0,1,0,4,5
LREM,1,46,0,1,48
