,nonVotants,pours,contres,abstentions,total_count
LFI,0,0,4,0,4
LT,0,1,1,0,2
NI,0,0,3,0,3
UDI,0,0,1,0,1
LR,0,9,0,0,9
MODEM,0,0,7,2,9
GDR,0,0,1,0,1
AE,0,2,1,1,4
SOC,0,0,0,3,3
LREM,2,1,35,4,42
