,nonVotants,pours,contres,abstentions,total_count
LFI,0,0,0,1,1
LT,0,2,1,0,3
NI,0,1,6,0,7
UDI,0,3,0,2,5
LR,0,35,0,0,35
MODEM,0,2,8,0,10
GDR,0,0,1,0,1
AE,0,1,3,0,4
SOC,0,0,5,0,5
LREM,1,0,65,0,66
