,nonVotants,pours,contres,abstentions,total_count
LFI,0,3,0,0,3
LT,0,1,1,2,4
NI,0,0,2,3,5
UDI,0,0,2,0,2
LR,1,13,1,4,19
MODEM,0,0,13,1,14
GDR,0,6,0,0,6
AE,0,0,6,0,6
SOC,0,11,0,0,11
LREM,1,0,77,0,78
