,nonVotants,pours,contres,abstentions,total_count
LFI,0,0,11,0,11
LT,0,2,7,1,10
NI,0,1,2,1,4
UDI,0,0,4,1,5
LR,0,0,20,1,21
MODEM,1,14,1,2,18
GDR,0,0,8,0,8
AE,0,3,0,4,7
SOC,0,0,11,0,11
LREM,1,102,0,0,103
