,nonVotants,pours,contres,abstentions,total_count
LFI,0,0,0,17,17
LT,0,5,0,0,5
NI,0,12,0,5,17
UDI,0,3,0,2,5
LR,0,0,22,8,30
MODEM,0,33,0,1,34
GDR,0,0,0,2,2
AE,0,9,0,1,10
SOC,0,1,0,0,1
LREM,1,207,2,0,210
