,nonVotants,pours,contres,abstentions,total_count
LFI,0,0,2,0,2
LT,0,0,0,0,0
NI,0,1,3,0,4
UDI,0,2,0,0,2
LR,0,11,1,1,13
MODEM,0,0,9,1,10
GDR,0,0,1,0,1
AE,0,0,2,0,2
SOC,0,0,1,0,1
LREM,1,0,52,1,54
