,nonVotants,pours,contres,abstentions,total_count
LFI,0,0,17,0,17
LT,0,11,0,6,17
NI,0,14,7,1,22
UDI,0,4,0,11,15
LR,0,1,17,71,89
MODEM,0,49,0,2,51
GDR,0,0,11,3,14
AE,0,15,0,4,19
SOC,0,3,4,15,22
LREM,4,247,0,0,251
