,nonVotants,pours,contres,abstentions,total_count
LFI,0,0,3,0,3
LT,0,0,1,0,1
NI,0,2,2,0,4
UDI,0,1,0,0,1
LR,0,14,0,0,14
MODEM,0,3,7,0,10
GDR,0,0,3,0,3
AE,0,1,4,0,5
SOC,0,0,2,0,2
LREM,2,0,63,0,65
