,nonVotants,pours,contres,abstentions,total_count
LFI,0,12,0,1,13
LT,0,0,1,0,1
NI,0,1,8,0,9
UDI,0,0,0,0,0
LR,0,0,4,0,4
MODEM,0,0,6,0,6
GDR,0,6,0,0,6
AE,0,0,3,0,3
SOC,0,3,0,0,3
LREM,1,0,98,0,99
