,nonVotants,pours,contres,abstentions,total_count
LFI,0,0,17,0,17
LT,0,1,14,3,18
NI,0,4,13,4,21
UDI,0,0,12,2,14
LR,0,1,84,5,90
MODEM,0,35,5,10,50
GDR,0,0,15,0,15
AE,0,10,2,8,20
SOC,0,0,24,0,24
LREM,1,199,6,41,247
