,nonVotants,pours,contres,abstentions,total_count
LFI,0,4,0,0,4
LT,0,2,1,0,3
NI,0,2,2,0,4
UDI,0,0,0,1,1
LR,1,12,0,6,19
MODEM,0,1,14,0,15
GDR,0,2,0,0,2
AE,0,0,5,0,5
SOC,0,3,0,0,3
LREM,1,0,61,0,62
