,nonVotants,pours,contres,abstentions,total_count
LFI,0,4,0,0,4
LT,0,0,1,0,1
NI,0,0,2,2,4
UDI,0,0,2,0,2
LR,1,0,14,9,24
MODEM,0,0,15,1,16
GDR,0,4,0,0,4
AE,0,0,4,0,4
SOC,0,6,0,0,6
LREM,1,0,51,0,52
