,nonVotants,pours,contres,abstentions,total_count
LFI,0,1,0,0,1
LT,0,5,0,0,5
NI,0,1,0,2,3
UDI,0,0,0,0,0
LR,0,17,1,0,18
MODEM,0,1,16,2,19
GDR,0,0,0,2,2
AE,0,2,0,0,2
SOC,0,3,0,2,5
LREM,2,4,62,3,71
