,nonVotants,pours,contres,abstentions,total_count
LFI,0,3,0,0,3
LT,0,0,0,2,2
NI,0,0,1,2,3
UDI,0,0,1,0,1
LR,0,0,5,4,9
MODEM,0,0,12,1,13
GDR,0,3,0,0,3
AE,0,0,2,0,2
SOC,0,4,0,0,4
LREM,1,0,46,0,47
