,nonVotants,pours,contres,abstentions,total_count
LFI,0,0,17,0,17
LT,0,3,3,9,15
NI,0,13,8,2,23
UDI,0,14,1,1,16
LR,0,0,91,1,92
MODEM,0,51,0,3,54
GDR,0,0,13,1,14
AE,0,20,0,0,20
SOC,0,0,24,0,24
LREM,1,259,0,0,260
