,nonVotants,pours,contres,abstentions,total_count
LFI,0,2,0,0,2
LT,0,0,1,0,1
NI,0,0,5,0,5
UDI,0,0,1,0,1
LR,0,0,12,0,12
MODEM,0,0,10,0,10
GDR,0,0,0,2,2
AE,0,0,1,1,2
SOC,0,0,0,2,2
LREM,2,0,38,0,40
