,nonVotants,pours,contres,abstentions,total_count
LFI,0,0,1,2,3
LT,0,4,1,0,5
NI,0,0,2,0,2
UDI,0,0,0,0,0
LR,0,0,7,0,7
MODEM,0,2,5,0,7
GDR,0,1,0,0,1
AE,0,2,0,0,2
SOC,0,2,0,0,2
LREM,1,2,31,2,36
