,nonVotants,pours,contres,abstentions,total_count
LFI,0,2,0,0,2
LT,0,1,1,0,2
NI,0,7,0,1,8
UDI,0,0,0,0,0
LR,1,2,6,2,11
MODEM,0,0,7,0,7
GDR,0,5,0,0,5
AE,0,1,9,0,10
SOC,0,5,0,0,5
LREM,1,2,52,0,55
