,nonVotants,pours,contres,abstentions,total_count
LFI,0,8,0,0,8
LT,0,0,2,0,2
NI,0,2,3,0,5
UDI,0,1,0,1,2
LR,0,0,3,2,5
MODEM,0,1,10,0,11
GDR,0,6,0,0,6
AE,0,0,1,0,1
SOC,0,0,0,0,0
LREM,2,0,62,0,64
