,nonVotants,pours,contres,abstentions,total_count
LFI,0,0,3,0,3
LT,0,1,2,0,3
NI,0,0,2,0,2
UDI,0,0,1,0,1
LR,0,5,0,0,5
MODEM,0,2,5,0,7
GDR,0,0,0,1,1
AE,0,1,1,0,2
SOC,0,0,0,1,1
LREM,2,0,26,0,28
