,nonVotants,pours,contres,abstentions,total_count
LFI,0,2,0,0,2
LT,0,0,0,1,1
NI,0,0,4,0,4
UDI,0,0,2,0,2
LR,1,0,19,0,20
MODEM,0,0,6,0,6
GDR,0,2,0,0,2
AE,0,0,8,0,8
SOC,0,1,0,0,1
LREM,1,0,79,0,80
