,nonVotants,pours,contres,abstentions,total_count
LFI,0,5,0,0,5
LT,0,2,1,0,3
NI,0,3,2,0,5
UDI,0,0,2,0,2
LR,0,0,12,1,13
MODEM,0,2,6,2,10
GDR,0,1,0,0,1
AE,0,0,0,0,0
SOC,0,2,0,0,2
LREM,1,12,20,1,34
