,nonVotants,pours,contres,abstentions,total_count
LFI,0,3,0,0,3
LT,0,3,0,0,3
NI,0,2,1,0,3
UDI,0,0,0,0,0
LR,0,12,2,0,14
MODEM,1,1,11,0,13
GDR,0,3,0,0,3
AE,0,0,3,0,3
SOC,0,4,0,0,4
LREM,1,0,46,0,47
