,nonVotants,pours,contres,abstentions,total_count
LFI,0,2,0,0,2
LT,0,1,0,0,1
NI,0,6,0,0,6
UDI,0,0,0,2,2
LR,1,18,0,1,20
MODEM,0,0,6,0,6
GDR,0,2,0,0,2
AE,0,0,6,0,6
SOC,0,3,0,0,3
LREM,1,3,76,0,80
