,nonVotants,pours,contres,abstentions,total_count
LFI,0,2,0,0,2
LT,0,1,0,0,1
NI,0,1,4,0,5
UDI,0,1,0,0,1
LR,0,7,0,0,7
MODEM,1,0,7,0,8
GDR,0,5,0,0,5
AE,0,1,0,0,1
SOC,0,3,0,0,3
LREM,1,0,33,0,34
