,nonVotants,pours,contres,abstentions,total_count
LFI,0,0,2,0,2
LT,0,2,3,0,5
NI,0,5,2,0,7
UDI,0,1,1,0,2
LR,0,0,22,0,22
MODEM,0,14,1,0,15
GDR,0,0,5,0,5
AE,0,6,2,0,8
SOC,0,0,7,0,7
LREM,1,87,0,0,88
