,nonVotants,pours,contres,abstentions,total_count
LFI,0,0,5,0,5
LT,0,0,0,1,1
NI,0,0,0,2,2
UDI,0,1,0,0,1
LR,1,2,0,12,15
MODEM,0,17,0,1,18
GDR,0,0,4,0,4
AE,0,8,0,0,8
SOC,0,0,1,4,5
LREM,1,96,0,0,97
