,nonVotants,pours,contres,abstentions,total_count
LFI,0,2,0,0,2
LT,0,0,2,2,4
NI,0,1,2,0,3
UDI,0,0,0,1,1
LR,0,12,0,1,13
MODEM,0,0,8,1,9
GDR,0,3,0,0,3
AE,0,0,1,1,2
SOC,0,4,0,0,4
LREM,2,0,34,0,36
