,nonVotants,pours,contres,abstentions,total_count
LFI,0,3,0,0,3
LT,0,0,1,0,1
NI,0,0,1,0,1
UDI,0,0,0,0,0
LR,0,0,7,0,7
MODEM,0,0,4,0,4
GDR,0,1,0,0,1
AE,0,0,3,0,3
SOC,1,2,0,0,3
LREM,1,0,28,0,29
