,nonVotants,pours,contres,abstentions,total_count
LFI,0,3,0,0,3
LT,0,0,1,3,4
NI,0,1,4,5,10
UDI,0,0,1,0,1
LR,0,0,8,0,8
MODEM,1,0,6,0,7
GDR,0,5,0,0,5
AE,0,0,4,0,4
SOC,0,2,0,0,2
LREM,1,1,66,0,68
