,nonVotants,pours,contres,abstentions,total_count
LFI,0,0,0,0,0
LT,0,3,1,0,4
NI,0,0,2,0,2
UDI,0,2,0,0,2
LR,1,20,0,0,21
MODEM,0,1,11,0,12
GDR,0,2,0,0,2
AE,0,1,1,0,2
SOC,0,4,0,0,4
LREM,1,0,37,2,40
