,nonVotants,pours,contres,abstentions,total_count
LFI,0,4,0,0,4
LT,0,0,1,0,1
NI,0,2,4,0,6
UDI,0,0,3,0,3
LR,0,11,0,0,11
MODEM,0,0,9,0,9
GDR,0,2,0,0,2
AE,0,0,4,0,4
SOC,0,6,0,0,6
LREM,2,0,47,0,49
