,nonVotants,pours,contres,abstentions,total_count
LFI,0,0,1,0,1
LT,0,1,2,0,3
NI,0,0,3,0,3
UDI,0,1,0,1,2
LR,0,10,0,3,13
MODEM,0,1,7,0,8
GDR,0,0,2,0,2
AE,0,3,3,0,6
SOC,0,0,2,0,2
LREM,1,0,45,2,48
