,nonVotants,pours,contres,abstentions,total_count
LFI,0,1,0,0,1
LT,0,4,0,0,4
NI,0,2,1,0,3
UDI,0,2,0,0,2
LR,0,21,0,0,21
MODEM,1,3,2,0,6
GDR,0,1,0,0,1
AE,0,0,1,0,1
SOC,0,3,0,0,3
LREM,1,2,47,0,50
