,nonVotants,pours,contres,abstentions,total_count
LFI,0,2,0,0,2
LT,0,0,0,0,0
NI,0,1,2,0,3
UDI,0,0,1,0,1
LR,0,1,6,4,11
MODEM,0,0,2,0,2
GDR,0,2,0,0,2
AE,0,0,3,0,3
SOC,0,2,0,0,2
LREM,2,0,37,0,39
