,nonVotants,pours,contres,abstentions,total_count
LFI,0,8,0,0,8
LT,0,0,1,0,1
NI,0,0,6,0,6
UDI,0,0,0,0,0
LR,0,0,19,0,19
MODEM,0,0,10,0,10
GDR,0,3,0,0,3
AE,0,0,2,0,2
SOC,0,2,0,1,3
LREM,1,3,63,0,67
