,nonVotants,pours,contres,abstentions,total_count
LFI,0,2,0,0,2
LT,0,1,1,0,2
NI,0,0,0,0,0
UDI,0,3,0,0,3
LR,1,29,0,0,30
MODEM,0,1,4,0,5
GDR,0,2,0,0,2
AE,0,2,0,0,2
SOC,0,5,0,0,5
LREM,1,1,41,0,43
