,nonVotants,pours,contres,abstentions,total_count
LFI,0,7,0,0,7
LT,0,1,0,1,2
NI,0,0,3,0,3
UDI,0,0,0,0,0
LR,0,0,2,0,2
MODEM,0,0,5,0,5
GDR,0,3,0,0,3
AE,0,0,1,0,1
SOC,0,2,0,0,2
LREM,1,0,16,0,17
