,nonVotants,pours,contres,abstentions,total_count
LFI,0,0,17,0,17
LT,0,0,16,1,17
NI,0,2,20,0,22
UDI,0,10,0,6,16
LR,0,0,91,0,91
MODEM,0,54,0,0,54
GDR,0,1,13,0,14
AE,0,20,0,0,20
SOC,0,0,24,0,24
LREM,1,254,0,1,256
