,nonVotants,pours,contres,abstentions,total_count
LFI,0,6,0,0,6
LT,0,7,0,0,7
NI,0,2,5,0,7
UDI,0,5,0,0,5
LR,0,28,0,0,28
MODEM,0,1,11,1,13
GDR,0,7,0,0,7
AE,0,5,1,0,6
SOC,0,16,0,0,16
LREM,1,1,96,2,100
