,nonVotants,pours,contres,abstentions,total_count
LFI,0,2,0,0,2
LT,0,2,0,0,2
NI,0,0,1,0,1
UDI,0,0,0,0,0
LR,1,0,13,0,14
MODEM,0,0,4,0,4
GDR,0,4,0,0,4
AE,0,0,5,0,5
SOC,0,7,0,0,7
LREM,1,0,47,0,48
