,nonVotants,pours,contres,abstentions,total_count
LFI,0,0,0,0,0
LT,0,0,1,0,1
NI,0,2,0,2,4
UDI,0,1,0,0,1
LR,0,5,4,1,10
MODEM,0,6,0,0,6
GDR,0,0,0,1,1
AE,0,5,0,0,5
SOC,0,0,3,0,3
LREM,2,47,3,1,53
