,nonVotants,pours,contres,abstentions,total_count
LFI,0,1,0,0,1
LT,0,4,1,0,5
NI,0,2,0,0,2
UDI,0,2,1,0,3
LR,0,20,0,0,20
MODEM,0,2,9,0,11
GDR,0,4,0,0,4
AE,0,2,2,0,4
SOC,0,3,0,0,3
LREM,2,0,55,2,59
