,nonVotants,pours,contres,abstentions,total_count
LFI,0,0,3,0,3
LT,0,1,1,0,2
NI,0,1,3,0,4
UDI,0,1,0,0,1
LR,0,12,0,0,12
MODEM,0,1,6,1,8
GDR,0,0,1,0,1
AE,0,2,0,0,2
SOC,0,0,4,0,4
LREM,2,0,44,1,47
