,nonVotants,pours,contres,abstentions,total_count
LFI,0,6,0,0,6
LT,0,0,1,0,1
NI,0,1,4,0,5
UDI,0,0,2,0,2
LR,1,3,1,2,7
MODEM,0,0,5,0,5
GDR,0,3,0,0,3
AE,0,0,1,0,1
SOC,0,2,0,0,2
LREM,1,0,42,0,43
