,nonVotants,pours,contres,abstentions,total_count
LFI,0,5,0,0,5
LT,0,1,0,0,1
NI,0,0,0,0,0
UDI,0,0,2,0,2
LR,0,0,21,0,21
MODEM,0,0,13,4,17
GDR,0,1,0,0,1
AE,0,0,3,0,3
SOC,0,5,0,0,5
LREM,2,1,59,4,66
