,nonVotants,pours,contres,abstentions,total_count
LFI,0,4,0,0,4
LT,0,2,2,0,4
NI,0,1,3,0,4
UDI,0,0,0,1,1
LR,0,7,0,1,8
MODEM,0,2,6,0,8
GDR,0,2,0,0,2
AE,0,0,0,0,0
SOC,0,3,0,0,3
LREM,1,1,34,0,36
