,nonVotants,pours,contres,abstentions,total_count
LFI,0,7,0,0,7
LT,0,3,1,0,4
NI,0,0,3,0,3
UDI,0,0,1,0,1
LR,0,0,12,0,12
MODEM,0,0,5,1,6
GDR,0,2,0,0,2
AE,0,1,8,0,9
SOC,0,11,0,0,11
LREM,1,0,73,0,74
