,nonVotants,pours,contres,abstentions,total_count
LFI,0,12,0,0,12
LT,0,0,3,0,3
NI,0,0,8,3,11
UDI,0,0,4,0,4
LR,0,0,11,0,11
MODEM,0,0,14,0,14
GDR,0,10,0,0,10
AE,0,0,7,0,7
SOC,0,1,0,2,3
LREM,2,0,120,0,122
