,nonVotants,pours,contres,abstentions,total_count
LFI,0,0,0,3,3
LT,0,2,2,0,4
NI,0,0,1,0,1
UDI,0,4,1,0,5
LR,1,19,0,0,20
MODEM,0,2,2,0,4
GDR,0,1,0,0,1
AE,0,2,2,1,5
SOC,0,6,0,0,6
LREM,1,2,58,4,65
