,nonVotants,pours,contres,abstentions,total_count
LFI,0,4,0,0,4
LT,0,2,1,0,3
NI,0,4,1,0,5
UDI,0,1,1,0,2
LR,0,1,10,1,12
MODEM,0,5,6,0,11
GDR,0,0,2,0,2
AE,0,0,1,0,1
SOC,0,4,1,0,5
LREM,1,13,36,2,52
