,nonVotants,pours,contres,abstentions,total_count
LFI,0,17,0,0,17
LT,0,13,1,3,17
NI,0,20,2,2,24
UDI,0,2,0,14,16
LR,0,0,92,0,92
MODEM,0,3,50,1,54
GDR,0,15,0,0,15
AE,0,1,1,18,20
SOC,0,24,0,0,24
LREM,1,0,258,1,260
