,nonVotants,pours,contres,abstentions,total_count
LFI,0,0,0,0,0
LT,0,1,0,0,1
NI,0,2,1,0,3
UDI,0,5,0,0,5
LR,0,5,0,0,5
MODEM,0,4,2,0,6
GDR,0,0,0,3,3
AE,0,8,0,0,8
SOC,0,0,0,3,3
LREM,2,0,46,0,48
