,nonVotants,pours,contres,abstentions,total_count
LFI,0,0,6,0,6
LT,0,0,2,0,2
NI,0,1,1,2,4
UDI,0,1,1,0,2
LR,1,12,0,0,13
MODEM,0,0,5,0,5
GDR,0,7,0,0,7
AE,0,0,1,0,1
SOC,0,0,0,0,0
LREM,1,0,49,1,51
