,nonVotants,pours,contres,abstentions,total_count
LFI,0,5,0,0,5
LT,0,1,1,0,2
NI,0,3,0,0,3
UDI,0,0,1,2,3
LR,0,10,0,0,10
MODEM,1,1,12,0,14
GDR,0,3,0,0,3
AE,0,0,0,0,0
SOC,0,8,0,0,8
LREM,1,0,59,0,60
