,nonVotants,pours,contres,abstentions,total_count
LFI,0,3,0,0,3
LT,0,1,0,0,1
NI,0,2,3,0,5
UDI,0,1,1,0,2
LR,0,19,0,0,19
MODEM,0,1,11,0,12
GDR,0,4,0,0,4
AE,0,0,1,0,1
SOC,0,6,0,0,6
LREM,1,0,61,1,63
