,nonVotants,pours,contres,abstentions,total_count
LFI,0,5,0,0,5
LT,0,0,2,0,2
NI,0,0,1,0,1
UDI,0,0,2,0,2
LR,0,0,14,0,14
MODEM,1,0,10,0,11
GDR,0,4,0,0,4
AE,0,0,1,0,1
SOC,0,4,0,0,4
LREM,1,1,67,0,69
