,nonVotants,pours,contres,abstentions,total_count
LFI,0,0,17,0,17
LT,0,11,4,1,16
NI,0,15,5,2,22
UDI,0,14,1,0,15
LR,0,5,74,8,87
MODEM,0,52,0,0,52
GDR,0,0,13,0,13
AE,0,19,0,0,19
SOC,0,16,0,4,20
LREM,1,241,0,2,244
