,nonVotants,pours,contres,abstentions,total_count
LFI,0,0,2,0,2
LT,0,0,1,0,1
NI,0,1,0,0,1
UDI,0,0,0,0,0
LR,1,18,0,0,19
MODEM,0,0,3,0,3
GDR,0,0,4,0,4
AE,0,0,4,0,4
SOC,0,0,5,0,5
LREM,1,2,46,0,49
