,nonVotants,pours,contres,abstentions,total_count
LFI,0,16,0,0,16
LT,0,8,0,0,8
NI,0,8,2,0,10
UDI,0,0,3,0,3
LR,0,3,1,0,4
MODEM,0,0,31,0,31
GDR,0,14,0,0,14
AE,0,0,7,0,7
SOC,0,16,0,0,16
LREM,1,0,110,0,111
