,nonVotants,pours,contres,abstentions,total_count
LFI,0,0,14,0,14
LT,0,1,6,0,7
NI,0,1,9,6,16
UDI,0,3,0,6,9
LR,0,0,0,30,30
MODEM,0,6,2,0,8
GDR,0,0,8,0,8
AE,0,18,1,0,19
SOC,0,0,13,0,13
LREM,1,247,0,0,248
