,nonVotants,pours,contres,abstentions,total_count
LFI,0,0,0,17,17
LT,0,15,0,0,15
NI,0,13,5,0,18
UDI,0,16,0,0,16
LR,0,89,0,1,90
MODEM,0,53,0,0,53
GDR,0,15,0,0,15
AE,0,17,0,0,17
SOC,0,0,1,22,23
LREM,1,237,0,0,238
