,nonVotants,pours,contres,abstentions,total_count
LFI,0,3,0,0,3
LT,0,2,2,0,4
NI,0,0,3,2,5
UDI,0,0,2,0,2
LR,1,3,12,2,18
MODEM,0,0,4,0,4
GDR,0,3,0,0,3
AE,0,0,3,0,3
SOC,0,4,0,0,4
LREM,1,1,47,0,49
