,nonVotants,pours,contres,abstentions,total_count
LFI,0,6,0,0,6
LT,0,2,2,1,5
NI,0,0,4,0,4
UDI,0,0,0,1,1
LR,1,1,17,0,19
MODEM,0,0,18,0,18
GDR,0,7,0,0,7
AE,0,1,2,2,5
SOC,0,6,0,0,6
LREM,1,0,94,0,95
