,nonVotants,pours,contres,abstentions,total_count
LFI,0,0,1,0,1
LT,0,2,0,0,2
NI,0,2,1,0,3
UDI,0,4,0,0,4
LR,0,8,0,1,9
MODEM,0,1,7,1,9
GDR,0,0,0,0,0
AE,0,2,0,1,3
SOC,0,3,0,0,3
LREM,2,1,37,0,40
