,nonVotants,pours,contres,abstentions,total_count
LFI,0,0,14,0,14
LT,0,0,1,0,1
NI,0,4,0,0,4
UDI,0,0,0,2,2
LR,0,1,0,0,1
MODEM,1,4,0,0,5
GDR,0,0,4,0,4
AE,0,0,1,0,1
SOC,0,0,3,0,3
LREM,1,43,2,0,46
