,nonVotants,pours,contres,abstentions,total_count
LFI,0,11,0,0,11
LT,0,0,2,0,2
NI,0,0,9,3,12
UDI,0,0,5,0,5
LR,0,0,19,0,19
MODEM,0,0,15,0,15
GDR,0,10,0,0,10
AE,0,1,7,0,8
SOC,0,4,0,0,4
LREM,2,0,140,0,142
