,nonVotants,pours,contres,abstentions,total_count
LFI,0,1,0,0,1
LT,0,2,0,0,2
NI,0,2,0,0,2
UDI,0,2,0,0,2
LR,0,9,0,0,9
MODEM,0,7,3,0,10
GDR,0,1,0,0,1
AE,0,6,1,0,7
SOC,0,4,0,0,4
LREM,2,32,16,2,52
