,nonVotants,pours,contres,abstentions,total_count
LFI,0,1,0,0,1
LT,0,1,0,0,1
NI,0,3,1,1,5
UDI,0,0,0,2,2
LR,0,0,1,2,3
MODEM,0,4,1,1,6
GDR,0,0,3,0,3
AE,0,2,0,1,3
SOC,0,0,1,0,1
LREM,2,29,1,0,32
