,nonVotants,pours,contres,abstentions,total_count
LFI,0,6,0,0,6
LT,0,1,1,0,2
NI,0,0,1,1,2
UDI,0,0,2,0,2
LR,1,0,0,7,8
MODEM,0,1,10,0,11
GDR,0,3,0,0,3
AE,0,0,4,0,4
SOC,0,8,0,0,8
LREM,1,0,64,0,65
