,nonVotants,pours,contres,abstentions,total_count
LFI,0,0,1,0,1
LT,0,3,0,0,3
NI,0,1,4,0,5
UDI,0,1,0,0,1
LR,0,6,0,0,6
MODEM,1,8,0,1,10
GDR,0,0,2,0,2
AE,0,6,0,0,6
SOC,0,0,0,1,1
LREM,1,31,0,0,32
