,nonVotants,pours,contres,abstentions,total_count
LFI,0,1,0,0,1
LT,0,3,0,0,3
NI,0,0,2,0,2
UDI,0,0,3,0,3
LR,1,1,12,0,14
MODEM,0,9,7,0,16
GDR,0,3,0,0,3
AE,0,1,5,0,6
SOC,0,2,0,0,2
LREM,1,6,53,2,62
