,nonVotants,pours,contres,abstentions,total_count
LFI,0,0,7,0,7
LT,0,1,1,1,3
NI,0,2,0,2,4
UDI,0,1,0,0,1
LR,0,0,11,0,11
MODEM,0,11,1,3,15
GDR,0,0,1,0,1
AE,0,3,1,0,4
SOC,0,0,2,0,2
LREM,2,74,0,5,81
