,nonVotants,pours,contres,abstentions,total_count
LFI,0,2,0,0,2
LT,0,1,1,0,2
NI,0,5,0,3,8
UDI,0,0,0,0,0
LR,0,0,5,0,5
MODEM,0,0,10,0,10
GDR,0,2,0,0,2
AE,0,1,6,0,7
SOC,0,7,0,0,7
LREM,1,2,59,1,63
