,nonVotants,pours,contres,abstentions,total_count
LFI,0,0,4,0,4
LT,0,0,1,0,1
NI,0,2,0,0,2
UDI,0,1,0,0,1
LR,0,13,0,0,13
MODEM,0,0,7,1,8
GDR,0,0,3,0,3
AE,0,0,0,3,3
SOC,0,0,1,0,1
LREM,1,0,47,0,48
