,nonVotants,pours,contres,abstentions,total_count
LFI,0,6,0,0,6
LT,0,1,3,0,4
NI,0,1,6,0,7
UDI,0,0,1,0,1
LR,0,0,16,1,17
MODEM,0,0,11,1,12
GDR,0,2,0,0,2
AE,0,0,6,0,6
SOC,0,0,0,11,11
LREM,1,0,67,2,70
