,nonVotants,pours,contres,abstentions,total_count
LFI,0,4,0,0,4
LT,0,0,2,1,3
NI,0,0,2,0,2
UDI,0,0,1,0,1
LR,1,2,3,6,12
MODEM,0,0,14,0,14
GDR,0,5,0,0,5
AE,0,0,6,0,6
SOC,0,5,0,0,5
LREM,1,0,60,0,61
